CinC site,Closest EPA site,Distance_m,Distance_km
1,0065,2208.9,2.209
11,0034,1206.6,1.207
12,0060,2620,2.62
13,0060,2791.2,2.791
14,0045,3430,3.43
15,0034,1423.2,1.423
17,0060,9.3,0.009
18,0038,5858.7,5.859
19,0045,1272.7,1.273
2,0034,2802.9,2.803
20,0034,3276.7,3.277
21,0045,3136.3,3.136
22,0038,4978.9,4.979
23,0073,5868.5,5.869
24,0034,1136.2,1.136
25,0045,2290.6,2.291
26,0038,5858.7,5.859
27,0060,1721,1.721
28,0038,2037.7,2.038
29,0038,11906.9,11.907
3,0034,3601.6,3.602
30,0038,3851.4,3.851
5,0045,1040.9,1.041
6,0060,1721,1.721
7,0038,3,0.003
8,0065,972.4,0.972
9,0060,9.3,0.009
g,096